                 Generalized Linear Model Regression Results                  
==============================================================================
Dep. Variable:                      y   No. Observations:                26764
Model:                            GLM   Df Residuals:                    26734
Model Family:                   Gamma   Df Model:                           29
Link Function:                    Log   Scale:                         0.86288
Method:                          IRLS   Log-Likelihood:            -3.0129e+05
Date:                Mon, 29 Sep 2025   Deviance:                       23881.
Time:                        23:34:36   Pearson chi2:                 2.31e+04
No. Iterations:                   200   Pseudo R-squ. (CS):             0.1911
Covariance Type:            nonrobust                                         
==============================================================================
                 coef    std err          z      P>|z|      [0.025      0.975]
------------------------------------------------------------------------------
const          8.6842      0.040    217.123      0.000       8.606       8.763
x1             0.5904      0.150      3.926      0.000       0.296       0.885
x2         -6.297e+09    1.2e+10     -0.526      0.599   -2.98e+10    1.72e+10
x3           1.38e+09   2.62e+09      0.526      0.599   -3.76e+09    6.52e+09
x4         -2.894e+09    5.5e+09     -0.526      0.599   -1.37e+10     7.9e+09
x5         -2.341e+08   4.45e+08     -0.526      0.599   -1.11e+09    6.39e+08
x6             0.6972      0.026     27.213      0.000       0.647       0.747
x7             0.7870      0.025     31.151      0.000       0.737       0.837
x8         -2.015e+10   3.83e+10     -0.526      0.599   -9.53e+10     5.5e+10
x9         -2.015e+10   3.83e+10     -0.526      0.599   -9.53e+10     5.5e+10
x10        -2.015e+10   3.83e+10     -0.526      0.599   -9.53e+10     5.5e+10
x11        -2.015e+10   3.83e+10     -0.526      0.599   -9.53e+10     5.5e+10
x12        -2.015e+10   3.83e+10     -0.526      0.599   -9.53e+10     5.5e+10
x13        -2.015e+10   3.83e+10     -0.526      0.599   -9.53e+10     5.5e+10
x14        -2.015e+10   3.83e+10     -0.526      0.599   -9.53e+10     5.5e+10
x15        -2.015e+10   3.83e+10     -0.526      0.599   -9.53e+10     5.5e+10
x16        -2.015e+10   3.83e+10     -0.526      0.599   -9.53e+10     5.5e+10
x17        -2.015e+10   3.83e+10     -0.526      0.599   -9.53e+10     5.5e+10
x18        -2.015e+10   3.83e+10     -0.526      0.599   -9.53e+10     5.5e+10
x19        -3.356e+10   6.38e+10     -0.526      0.599   -1.59e+11    9.16e+10
x20        -3.356e+10   6.38e+10     -0.526      0.599   -1.59e+11    9.16e+10
x21        -3.356e+10   6.38e+10     -0.526      0.599   -1.59e+11    9.16e+10
x22        -3.356e+10   6.38e+10     -0.526      0.599   -1.59e+11    9.16e+10
x23        -3.356e+10   6.38e+10     -0.526      0.599   -1.59e+11    9.16e+10
x24        -3.356e+10   6.38e+10     -0.526      0.599   -1.59e+11    9.16e+10
x25        -3.805e+08   7.24e+08     -0.526      0.599    -1.8e+09    1.04e+09
x26            0.0036      0.008      0.484      0.629      -0.011       0.018
x27            0.0494      0.010      4.786      0.000       0.029       0.070
x28            0.0386      0.011      3.556      0.000       0.017       0.060
x29           -0.0495      0.008     -5.997      0.000      -0.066      -0.033
x30         3.356e+10   6.38e+10      0.526      0.599   -9.16e+10    1.59e+11
x31         2.015e+10   3.83e+10      0.526      0.599    -5.5e+10    9.53e+10
x32           -0.5441      0.148     -3.683      0.000      -0.834      -0.255
x33           -0.6391      0.145     -4.417      0.000      -0.923      -0.356
x34                 0          0        nan        nan           0           0
x35                 0          0        nan        nan           0           0
x36                 0          0        nan        nan           0           0
x37                 0          0        nan        nan           0           0
x38                 0          0        nan        nan           0           0
x39                 0          0        nan        nan           0           0
x40                 0          0        nan        nan           0           0
x41                 0          0        nan        nan           0           0
x42            0.0285      0.015      1.898      0.058      -0.001       0.058
x43                 0          0        nan        nan           0           0
x44                 0          0        nan        nan           0           0
x45                 0          0        nan        nan           0           0
x46                 0          0        nan        nan           0           0
x47            0.0176      0.016      1.121      0.262      -0.013       0.048
x48                 0          0        nan        nan           0           0
x49                 0          0        nan        nan           0           0
x50                 0          0        nan        nan           0           0
x51                 0          0        nan        nan           0           0
x52           -0.0102      0.018     -0.560      0.576      -0.046       0.026
x53                 0          0        nan        nan           0           0
x54                 0          0        nan        nan           0           0
x55                 0          0        nan        nan           0           0
x56                 0          0        nan        nan           0           0
==============================================================================