                 Generalized Linear Model Regression Results                  
==============================================================================
Dep. Variable:                      y   No. Observations:                23790
Model:                            GLM   Df Residuals:                    23760
Model Family:                   Gamma   Df Model:                           29
Link Function:                    Log   Scale:                         0.88093
Method:                          IRLS   Log-Likelihood:            -2.6791e+05
Date:                Wed, 01 Oct 2025   Deviance:                       21062.
Time:                        07:29:57   Pearson chi2:                 2.06e+04
No. Iterations:                   200   Pseudo R-squ. (CS):             0.1881
Covariance Type:            nonrobust                                         
==============================================================================
                 coef    std err          z      P>|z|      [0.025      0.975]
------------------------------------------------------------------------------
const          8.6636      0.043    202.009      0.000       8.580       8.748
x1             0.6018      0.168      3.583      0.000       0.273       0.931
x2         -2.082e-15   1.97e-15     -1.056      0.291   -5.95e-15    1.78e-15
x3         -2.066e-15   3.48e-15     -0.593      0.553   -8.89e-15    4.76e-15
x4          6.251e-16   4.82e-16      1.298      0.194   -3.19e-16    1.57e-15
x5         -1.575e-15   5.28e-16     -2.980      0.003   -2.61e-15   -5.39e-16
x6             0.7106      0.028     25.687      0.000       0.656       0.765
x7             0.7917      0.027     29.054      0.000       0.738       0.845
x8            -0.0338      0.007     -4.974      0.000      -0.047      -0.020
x9            -0.0368      0.009     -4.245      0.000      -0.054      -0.020
x10            0.0182      0.007      2.575      0.010       0.004       0.032
x11            0.0125      0.010      1.271      0.204      -0.007       0.032
x12            0.0548      0.010      5.557      0.000       0.035       0.074
x13           -0.0109      0.007     -1.552      0.121      -0.025       0.003
x14            0.0389      0.011      3.556      0.000       0.017       0.060
x15           -0.0382      0.010     -3.861      0.000      -0.058      -0.019
x16           -0.0405      0.007     -5.992      0.000      -0.054      -0.027
x17            0.1155      0.012      9.574      0.000       0.092       0.139
x18           -0.0557      0.008     -7.073      0.000      -0.071      -0.040
x19           -0.0209      0.005     -4.029      0.000      -0.031      -0.011
x20            0.0429      0.005      8.476      0.000       0.033       0.053
x21            0.0041      0.005      0.781      0.435      -0.006       0.014
x22            0.0498      0.005      9.154      0.000       0.039       0.060
x23           -0.0068      0.005     -1.338      0.181      -0.017       0.003
x24           -0.0268      0.005     -5.027      0.000      -0.037      -0.016
x25         1.644e-15   3.76e-16      4.375      0.000    9.08e-16    2.38e-15
x26           -0.0029      0.008     -0.364      0.716      -0.019       0.013
x27            0.0423      0.011      3.836      0.000       0.021       0.064
x28            0.0442      0.012      3.735      0.000       0.021       0.067
x29           -0.0466      0.009     -5.169      0.000      -0.064      -0.029
x30            0.0422      0.001     36.334      0.000       0.040       0.044
x31            0.0240      0.001     19.892      0.000       0.022       0.026
x32           -0.5301      0.165     -3.213      0.001      -0.853      -0.207
x33           -0.6284      0.162     -3.884      0.000      -0.945      -0.311
x34                 0          0        nan        nan           0           0
x35                 0          0        nan        nan           0           0
x36                 0          0        nan        nan           0           0
x37                 0          0        nan        nan           0           0
x38                 0          0        nan        nan           0           0
x39                 0          0        nan        nan           0           0
x40                 0          0        nan        nan           0           0
x41                 0          0        nan        nan           0           0
x42            0.0131      0.016      0.811      0.418      -0.019       0.045
x43                 0          0        nan        nan           0           0
x44                 0          0        nan        nan           0           0
x45                 0          0        nan        nan           0           0
x46                 0          0        nan        nan           0           0
x47            0.0279      0.017      1.642      0.101      -0.005       0.061
x48                 0          0        nan        nan           0           0
x49                 0          0        nan        nan           0           0
x50                 0          0        nan        nan           0           0
x51                 0          0        nan        nan           0           0
x52           -0.0171      0.020     -0.873      0.383      -0.056       0.021
x53                 0          0        nan        nan           0           0
x54                 0          0        nan        nan           0           0
x55                 0          0        nan        nan           0           0
x56                 0          0        nan        nan           0           0
==============================================================================